MEMORY
  total           795.2 MB
  struct          159.1 KB
  buffer           26.4 KB
  arena           795.0 MB, used 0.0%

SIZES
  narena                833617920
  nbuffer               27056
  nplugin               0
  maxuse_stack          120
  maxuse_arena          120
  maxuse_con            0
  maxuse_efc            0
  ncon                  0
  ne                    0
  nf                    0
  nl                    0
  nefc                  0
  nJ                    0
  nA                    0
  nisland               0
  nidof                 0
  threadpool            0

TIMER
    0:  duration =  0.052      number = 1
    1:  duration =  0.044      number = 1
    2:  duration =  0          number = 0
    3:  duration =  0.033      number = 1
    4:  duration =  0.0024     number = 1
    5:  duration =  0          number = 0
    6:  duration =  0.0014     number = 1
    7:  duration =  0.0019     number = 1
    8:  duration =  0.011      number = 1
    9:  duration =  0.0029     number = 1
    10:  duration =  0          number = 0
    11:  duration =  0.0024     number = 1
    12:  duration =  0.0019     number = 1
    13:  duration =  0          number = 0
    14:  duration =  0          number = 0

ENERGY =   0         0       

TIME =  5.9e+03 

XFRC_APPLIED
   0         0         0         0         0         0       

XPOS
   0         0         0       

XQUAT
   1         0         0         0       

XMAT
   1         0         0         0         1         0         0         0         1       

XIPOS
   0         0         0       

XIMAT
   1         0         0         0         1         0         0         0         1       

GEOM_XPOS
   50       -1.5       4       
   50        1.5       4       
   0.25      0         0.025   
   0.75      0         0.025   
   1.2       0         0.025   
   1.8       0         0.025   
   2.2       0         0.025   
   2.2      -1         0.065   
   2.8       0         0.025   
   3.2       0         0.025   
   3.2      -0.4       0.065   
   3.8       0         0.025   
   4.8       0         0.025   
   5.2       0         0.025   
   5.2       0.4       0.065   
   5.8       0         0.025   
   6.2      -1.4       0.025   
   6.2       0.45      0.025   
   6.8       0         0.025   
   7.2       0         0.025   
   7.2       1         0.065   
   7.8       0         0.025   
   8.2       0         0.025   
   8.2       0         0.065   
   8.8       0         0.025   
   9.2       0         0.025   
   9.2       0.4       0.065   
   9.8       0         0.025   
   10       -0.9       0.025   
   10        0.9       0.025   
   11        0         0.025   
   11        0         0.025   
   11       -0.4       0.065   
   12        0         0.025   
   13        0         0.025   
   13        0         0.025   
   13       -1         0.065   
   14        0         0.025   
   14       -0.45      0.025   
   14        1.4       0.025   
   15        0         0.025   
   15        0         0.025   
   15       -0.4       0.065   
   16        0         0.025   
   16        0         0.025   
   17        0         0.025   
   17        0         0.025   
   17        0.4       0.065   
   18        0         0.025   
   18       -1.4       0.025   
   18        0.45      0.025   
   19        0         0.025   
   19        0         0.025   
   19        1         0.065   
   20        0         0.025   
   21        0         0.025   
   21        0         0.025   
   21        0.4       0.065   
   22        0         0.025   
   22       -0.9       0.025   
   22        0.9       0.025   
   23        0         0.025   
   23        0         0.025   
   23       -0.4       0.065   
   24        0         0.025   
   24        0         0.025   
   24        0         0.065   
   25        0         0.025   
   25        0         0.025   
   26        0         0.025   
   26       -0.45      0.025   
   26        1.4       0.025   
   27        0         0.025   
   27        0         0.025   
   27       -1         0.065   
   28        0         0.025   
   29        0         0.025   
   29        0         0.025   
   29       -0.4       0.065   
   30        0         0.025   
   30        0         0.025   
   31        0         0.025   
   31        0         0.025   
   31        0.4       0.065   
   32        0         0.025   
   32        0         0.025   
   33        0         0.025   
   33        0         0.025   
   33        1         0.065   
   34        0         0.025   
   34       -1.4       0.025   
   34        0.45      0.025   
   35        0         0.025   
   35        0         0.025   
   35        0.4       0.065   
   36        0         0.025   
   37        0         0.025   
   37        0         0.025   
   37       -0.4       0.065   
   38        0         0.025   
   38       -0.9       0.025   
   38        0.9       0.025   
   39        0         0.025   
   39        0         0.025   
   39       -1         0.065   
   40        0         0.025   
   40        0         0.025   
   40        0         0.065   
   41        0         0.025   
   41        0         0.025   
   41       -0.4       0.065   
   42        0         0.025   
   42       -0.45      0.025   
   42        1.4       0.025   
   43        0         0.025   
   43        0         0.025   
   43        0.4       0.065   
   44        0         0.025   
   45        0         0.025   
   45        0         0.025   
   45        1         0.065   
   46        0         0.025   
   46        0         0.025   
   47        0         0.025   
   47        0         0.025   
   47        0.4       0.065   
   48        0         0.025   
   48        0         0.025   
   49        0         0.025   
   49        0         0.025   
   49       -0.4       0.065   
   50        0         0.025   
   50       -1.4       0.025   
   50        0.45      0.025   
   51        0         0.025   
   51        0         0.025   
   51       -1         0.065   
   52        0         0.025   
   52        0         0.025   
   53        0         0.025   
   53        0         0.025   
   53       -0.4       0.065   
   54        0         0.025   
   54       -0.9       0.025   
   54        0.9       0.025   
   55        0         0.025   
   55        0         0.025   
   55        0.4       0.065   
   56        0         0.025   
   56        0         0.025   
   56        0         0.065   
   57        0         0.025   
   57        0         0.025   
   57        1         0.065   
   58        0         0.025   
   58       -0.45      0.025   
   58        1.4       0.025   
   59        0         0.025   
   59        0         0.025   
   59        0.4       0.065   
   60        0         0.025   
   61        0         0.025   
   61        0         0.025   
   61       -0.4       0.065   
   62        0         0.025   
   62        0         0.025   
   63        0         0.025   
   63        0         0.025   
   63       -1         0.065   
   64        0         0.025   
   64        0         0.025   
   65        0         0.025   
   65        0         0.025   
   65       -0.4       0.065   
   66        0         0.025   
   66        0         0.025   
   67        0         0.025   
   67        0         0.025   
   67        0.4       0.065   
   68        0         0.025   
   68        0         0.025   
   69        0         0.025   
   69        0         0.025   
   69        1         0.065   
   70        0         0.025   
   70       -1.4       0.025   
   70        0.45      0.025   
   71        0         0.025   
   71        0         0.025   
   71        0.4       0.065   
   72        0         0.025   
   72        0         0.025   
   72        0         0.065   
   73        0         0.025   
   73        0         0.025   
   73       -0.4       0.065   
   74        0         0.025   
   74       -0.9       0.025   
   74        0.9       0.025   
   75        0         0.025   
   75        0         0.025   
   75       -1         0.065   
   76        0         0.025   
   77        0         0.025   
   77        0         0.025   
   77       -0.4       0.065   
   78        0         0.025   
   78        0         0.025   
   79        0         0.025   
   79        0         0.025   
   79        0.4       0.065   
   80        0         0.025   
   80        0         0.025   
   81        0         0.025   
   81        0         0.025   
   81        1         0.065   
   82        0         0.025   
   82        0         0.025   
   83        0         0.025   
   83        0         0.025   
   83        0.4       0.065   
   84        0         0.025   
   84        0         0.025   
   84        0         0.065   
   85        0         0.025   
   85        0         0.025   
   85       -0.4       0.065   
   86        0         0.025   
   86        0         0.025   
   87        0         0.025   
   87        0         0.025   
   87       -1         0.065   
   88        0         0.025   
   88       -0.45      0.025   
   88        1.4       0.025   
   89        0         0.025   
   89        0         0.025   
   89       -0.4       0.065   
   90        0         0.025   
   90        0         0.025   
   91        0         0.025   
   91        0         0.025   
   91        0.4       0.065   
   92        0         0.025   
   93        0         0.025   
   93        0         0.025   
   93        1         0.065   
   94        0         0.025   
   94        0         0.025   
   95        0         0.025   
   95        0         0.025   
   95        0.4       0.065   
   96        0         0.025   
   96        0         0.025   
   97        0         0.025   
   97        0         0.025   
   97       -0.4       0.065   
   98        0         0.025   
   98        0         0.025   
   99        0         0.025   
   99        0         0.025   
   99       -1         0.065   
   1e+02     0         0.025   

GEOM_XMAT
   1         0         0         0         1         0         0         0         1       
   1         0         0         0         1         0         0         0         1       
   1         0         0         0         1         0         0         0         1       
   1         0         0         0         1         0         0         0         1       
   1         0         0         0         1         0         0         0         1       
   1         0         0         0         1         0         0         0         1       
   1         0         0         0         1         0         0         0         1       
   1         0         0         0         1         0         0         0         1       
   1         0         0         0         1         0         0         0         1       
   1         0         0         0         1         0         0         0         1       
   1         0         0         0         1         0         0         0         1       
   1         0         0         0         1         0         0         0         1       
   1         0         0         0         1         0         0         0         1       
   1         0         0         0         1         0         0         0         1       
   1         0         0         0         1         0         0         0         1       
   1         0         0         0         1         0         0         0         1       
   1         0         0         0         1         0         0         0         1       
   1         0         0         0         1         0         0         0         1       
   1         0         0         0         1         0         0         0         1       
   1         0         0         0         1         0         0         0         1       
   1         0         0         0         1         0         0         0         1       
   1         0         0         0         1         0         0         0         1       
   1         0         0         0         1         0         0         0         1       
   1         0         0         0         1         0         0         0         1       
   1         0         0         0         1         0         0         0         1       
   1         0         0         0         1         0         0         0         1       
   1         0         0         0         1         0         0         0         1       
   1         0         0         0         1         0         0         0         1       
   1         0         0         0         1         0         0         0         1       
   1         0         0         0         1         0         0         0         1       
   1         0         0         0         1         0         0         0         1       
   1         0         0         0         1         0         0         0         1       
   1         0         0         0         1         0         0         0         1       
   1         0         0         0         1         0         0         0         1       
   1         0         0         0         1         0         0         0         1       
   1         0         0         0         1         0         0         0         1       
   1         0         0         0         1         0         0         0         1       
   1         0         0         0         1         0         0         0         1       
   1         0         0         0         1         0         0         0         1       
   1         0         0         0         1         0         0         0         1       
   1         0         0         0         1         0         0         0         1       
   1         0         0         0         1         0         0         0         1       
   1         0         0         0         1         0         0         0         1       
   1         0         0         0         1         0         0         0         1       
   1         0         0         0         1         0         0         0         1       
   1         0         0         0         1         0         0         0         1       
   1         0         0         0         1         0         0         0         1       
   1         0         0         0         1         0         0         0         1       
   1         0         0         0         1         0         0         0         1       
   1         0         0         0         1         0         0         0         1       
   1         0         0         0         1         0         0         0         1       
   1         0         0         0         1         0         0         0         1       
   1         0         0         0         1         0         0         0         1       
   1         0         0         0         1         0         0         0         1       
   1         0         0         0         1         0         0         0         1       
   1         0         0         0         1         0         0         0         1       
   1         0         0         0         1         0         0         0         1       
   1         0         0         0         1         0         0         0         1       
   1         0         0         0         1         0         0         0         1       
   1         0         0         0         1         0         0         0         1       
   1         0         0         0         1         0         0         0         1       
   1         0         0         0         1         0         0         0         1       
   1         0         0         0         1         0         0         0         1       
   1         0         0         0         1         0         0         0         1       
   1         0         0         0         1         0         0         0         1       
   1         0         0         0         1         0         0         0         1       
   1         0         0         0         1         0         0         0         1       
   1         0         0         0         1         0         0         0         1       
   1         0         0         0         1         0         0         0         1       
   1         0         0         0         1         0         0         0         1       
   1         0         0         0         1         0         0         0         1       
   1         0         0         0         1         0         0         0         1       
   1         0         0         0         1         0         0         0         1       
   1         0         0         0         1         0         0         0         1       
   1         0         0         0         1         0         0         0         1       
   1         0         0         0         1         0         0         0         1       
   1         0         0         0         1         0         0         0         1       
   1         0         0         0         1         0         0         0         1       
   1         0         0         0         1         0         0         0         1       
   1         0         0         0         1         0         0         0         1       
   1         0         0         0         1         0         0         0         1       
   1         0         0         0         1         0         0         0         1       
   1         0         0         0         1         0         0         0         1       
   1         0         0         0         1         0         0         0         1       
   1         0         0         0         1         0         0         0         1       
   1         0         0         0         1         0         0         0         1       
   1         0         0         0         1         0         0         0         1       
   1         0         0         0         1         0         0         0         1       
   1         0         0         0         1         0         0         0         1       
   1         0         0         0         1         0         0         0         1       
   1         0         0         0         1         0         0         0         1       
   1         0         0         0         1         0         0         0         1       
   1         0         0         0         1         0         0         0         1       
   1         0         0         0         1         0         0         0         1       
   1         0         0         0         1         0         0         0         1       
   1         0         0         0         1         0         0         0         1       
   1         0         0         0         1         0         0         0         1       
   1         0         0         0         1         0         0         0         1       
   1         0         0         0         1         0         0         0         1       
   1         0         0         0         1         0         0         0         1       
   1         0         0         0         1         0         0         0         1       
   1         0         0         0         1         0         0         0         1       
   1         0         0         0         1         0         0         0         1       
   1         0         0         0         1         0         0         0         1       
   1         0         0         0         1         0         0         0         1       
   1         0         0         0         1         0         0         0         1       
   1         0         0         0         1         0         0         0         1       
   1         0         0         0         1         0         0         0         1       
   1         0         0         0         1         0         0         0         1       
   1         0         0         0         1         0         0         0         1       
   1         0         0         0         1         0         0         0         1       
   1         0         0         0         1         0         0         0         1       
   1         0         0         0         1         0         0         0         1       
   1         0         0         0         1         0         0         0         1       
   1         0         0         0         1         0         0         0         1       
   1         0         0         0         1         0         0         0         1       
   1         0         0         0         1         0         0         0         1       
   1         0         0         0         1         0         0         0         1       
   1         0         0         0         1         0         0         0         1       
   1         0         0         0         1         0         0         0         1       
   1         0         0         0         1         0         0         0         1       
   1         0         0         0         1         0         0         0         1       
   1         0         0         0         1         0         0         0         1       
   1         0         0         0         1         0         0         0         1       
   1         0         0         0         1         0         0         0         1       
   1         0         0         0         1         0         0         0         1       
   1         0         0         0         1         0         0         0         1       
   1         0         0         0         1         0         0         0         1       
   1         0         0         0         1         0         0         0         1       
   1         0         0         0         1         0         0         0         1       
   1         0         0         0         1         0         0         0         1       
   1         0         0         0         1         0         0         0         1       
   1         0         0         0         1         0         0         0         1       
   1         0         0         0         1         0         0         0         1       
   1         0         0         0         1         0         0         0         1       
   1         0         0         0         1         0         0         0         1       
   1         0         0         0         1         0         0         0         1       
   1         0         0         0         1         0         0         0         1       
   1         0         0         0         1         0         0         0         1       
   1         0         0         0         1         0         0         0         1       
   1         0         0         0         1         0         0         0         1       
   1         0         0         0         1         0         0         0         1       
   1         0         0         0         1         0         0         0         1       
   1         0         0         0         1         0         0         0         1       
   1         0         0         0         1         0         0         0         1       
   1         0         0         0         1         0         0         0         1       
   1         0         0         0         1         0         0         0         1       
   1         0         0         0         1         0         0         0         1       
   1         0         0         0         1         0         0         0         1       
   1         0         0         0         1         0         0         0         1       
   1         0         0         0         1         0         0         0         1       
   1         0         0         0         1         0         0         0         1       
   1         0         0         0         1         0         0         0         1       
   1         0         0         0         1         0         0         0         1       
   1         0         0         0         1         0         0         0         1       
   1         0         0         0         1         0         0         0         1       
   1         0         0         0         1         0         0         0         1       
   1         0         0         0         1         0         0         0         1       
   1         0         0         0         1         0         0         0         1       
   1         0         0         0         1         0         0         0         1       
   1         0         0         0         1         0         0         0         1       
   1         0         0         0         1         0         0         0         1       
   1         0         0         0         1         0         0         0         1       
   1         0         0         0         1         0         0         0         1       
   1         0         0         0         1         0         0         0         1       
   1         0         0         0         1         0         0         0         1       
   1         0         0         0         1         0         0         0         1       
   1         0         0         0         1         0         0         0         1       
   1         0         0         0         1         0         0         0         1       
   1         0         0         0         1         0         0         0         1       
   1         0         0         0         1         0         0         0         1       
   1         0         0         0         1         0         0         0         1       
   1         0         0         0         1         0         0         0         1       
   1         0         0         0         1         0         0         0         1       
   1         0         0         0         1         0         0         0         1       
   1         0         0         0         1         0         0         0         1       
   1         0         0         0         1         0         0         0         1       
   1         0         0         0         1         0         0         0         1       
   1         0         0         0         1         0         0         0         1       
   1         0         0         0         1         0         0         0         1       
   1         0         0         0         1         0         0         0         1       
   1         0         0         0         1         0         0         0         1       
   1         0         0         0         1         0         0         0         1       
   1         0         0         0         1         0         0         0         1       
   1         0         0         0         1         0         0         0         1       
   1         0         0         0         1         0         0         0         1       
   1         0         0         0         1         0         0         0         1       
   1         0         0         0         1         0         0         0         1       
   1         0         0         0         1         0         0         0         1       
   1         0         0         0         1         0         0         0         1       
   1         0         0         0         1         0         0         0         1       
   1         0         0         0         1         0         0         0         1       
   1         0         0         0         1         0         0         0         1       
   1         0         0         0         1         0         0         0         1       
   1         0         0         0         1         0         0         0         1       
   1         0         0         0         1         0         0         0         1       
   1         0         0         0         1         0         0         0         1       
   1         0         0         0         1         0         0         0         1       
   1         0         0         0         1         0         0         0         1       
   1         0         0         0         1         0         0         0         1       
   1         0         0         0         1         0         0         0         1       
   1         0         0         0         1         0         0         0         1       
   1         0         0         0         1         0         0         0         1       
   1         0         0         0         1         0         0         0         1       
   1         0         0         0         1         0         0         0         1       
   1         0         0         0         1         0         0         0         1       
   1         0         0         0         1         0         0         0         1       
   1         0         0         0         1         0         0         0         1       
   1         0         0         0         1         0         0         0         1       
   1         0         0         0         1         0         0         0         1       
   1         0         0         0         1         0         0         0         1       
   1         0         0         0         1         0         0         0         1       
   1         0         0         0         1         0         0         0         1       
   1         0         0         0         1         0         0         0         1       
   1         0         0         0         1         0         0         0         1       
   1         0         0         0         1         0         0         0         1       
   1         0         0         0         1         0         0         0         1       
   1         0         0         0         1         0         0         0         1       
   1         0         0         0         1         0         0         0         1       
   1         0         0         0         1         0         0         0         1       
   1         0         0         0         1         0         0         0         1       
   1         0         0         0         1         0         0         0         1       
   1         0         0         0         1         0         0         0         1       
   1         0         0         0         1         0         0         0         1       
   1         0         0         0         1         0         0         0         1       
   1         0         0         0         1         0         0         0         1       
   1         0         0         0         1         0         0         0         1       
   1         0         0         0         1         0         0         0         1       
   1         0         0         0         1         0         0         0         1       
   1         0         0         0         1         0         0         0         1       
   1         0         0         0         1         0         0         0         1       
   1         0         0         0         1         0         0         0         1       
   1         0         0         0         1         0         0         0         1       
   1         0         0         0         1         0         0         0         1       
   1         0         0         0         1         0         0         0         1       
   1         0         0         0         1         0         0         0         1       
   1         0         0         0         1         0         0         0         1       
   1         0         0         0         1         0         0         0         1       
   1         0         0         0         1         0         0         0         1       
   1         0         0         0         1         0         0         0         1       
   1         0         0         0         1         0         0         0         1       
   1         0         0         0         1         0         0         0         1       
   1         0         0         0         1         0         0         0         1       
   1         0         0         0         1         0         0         0         1       
   1         0         0         0         1         0         0         0         1       
   1         0         0         0         1         0         0         0         1       
   1         0         0         0         1         0         0         0         1       
   1         0         0         0         1         0         0         0         1       
   1         0         0         0         1         0         0         0         1       
   1         0         0         0         1         0         0         0         1       
   1         0         0         0         1         0         0         0         1       
   1         0         0         0         1         0         0         0         1       
   1         0         0         0         1         0         0         0         1       
   1         0         0         0         1         0         0         0         1       
   1         0         0         0         1         0         0         0         1       
   1         0         0         0         1         0         0         0         1       
   1         0         0         0         1         0         0         0         1       
   1         0         0         0         1         0         0         0         1       
   1         0         0         0         1         0         0         0         1       
   1         0         0         0         1         0         0         0         1       
   1         0         0         0         1         0         0         0         1       
   1         0         0         0         1         0         0         0         1       
   1         0         0         0         1         0         0         0         1       

SUBTREE_COM
   0         0         0       

CINERT
   0         0         0         0         0         0         0         0         0         0       

CRB
   0         0         0         0         0         0         0         0         0         0       

CONTACT
CVEL
   0         0         0         0         0         0       

SUBTREE_LINVEL
   0         0         0       

SUBTREE_ANGMOM
   0         0         0       

CACC
   0         0         0         0         0         0       

CFRC_INT
   0         0         0         0         0         0       

CFRC_EXT
   0         0         0         0         0         0       

